%YAML:1.0
---
cam_K: !!opencv-matrix
   rows: 3
   cols: 3
   dt: d
   data: [ 2.1095319539891448e+03, 0., 3.8433075723431892e+02, 0.,
       2.1412077553289455e+03, 5.5874636945455029e+02, 0., 0., 1. ]
cam_kc: !!opencv-matrix
   rows: 1
   cols: 5
   dt: d
   data: [ -5.1466516043760591e-01, 1.0404210586299145e+00,
       -3.3003802496404488e-03, 1.4883740790611265e-02, 0. ]
proj_K: !!opencv-matrix
   rows: 3
   cols: 3
   dt: d
   data: [ 1.5900122516988274e+03, 0., 4.7868315712838393e+02, 0.,
       2.1229861939665839e+03, 4.2505232877025071e+02, 0., 0., 1. ]
proj_kc: !!opencv-matrix
   rows: 1
   cols: 5
   dt: d
   data: [ -1.5768157106578615e-01, 4.1675899122357789e+00,
       2.7206664076725947e-02, 1.5670911865063107e-03, 0. ]
R: !!opencv-matrix
   rows: 3
   cols: 3
   dt: d
   data: [ 9.9476804494449078e-01, 1.2863568994131939e-03,
       -1.0215127039465995e-01, -1.0002031603455011e-03,
       9.9999543156514670e-01, 2.8524449993187445e-03,
       1.0215447298554102e-01, -2.7353491118019498e-03,
       9.9476478702971938e-01 ]
T: !!opencv-matrix
   rows: 3
   cols: 1
   dt: d
   data: [ -1.2597603127195070e+02, 5.5610235628539728e+00,
       7.3043129110787532e+01 ]
b: 5.0000000000000000e-01
m: 5
stereo_error: 9.7392958924750805e-01
