%YAML:1.0
---
cam_K: !!opencv-matrix
   rows: 3
   cols: 3
   dt: d
   data: [ 2.1598925688101422e+03, 0., 7.1575869129817920e+02, 0.,
       2.2071374844807283e+03, 4.9460902062023240e+02, 0., 0., 1. ]
cam_kc: !!opencv-matrix
   rows: 1
   cols: 5
   dt: d
   data: [ 1.0406527487924541e-01, -8.1236420467494259e+00,
       1.3212437756467467e-02, 1.1165495825105001e-02, 0. ]
proj_K: !!opencv-matrix
   rows: 3
   cols: 3
   dt: d
   data: [ 1.4136922616643317e+03, 0., 4.8079518821778294e+02, 0.,
       1.9403633625749540e+03, 2.2961388247002967e+02, 0., 0., 1. ]
proj_kc: !!opencv-matrix
   rows: 1
   cols: 5
   dt: d
   data: [ -6.4927340341553075e-01, 8.0776272599657091e+00,
       3.1330660424653510e-02, -1.2816580264277528e-02, 0. ]
R: !!opencv-matrix
   rows: 3
   cols: 3
   dt: d
   data: [ 9.8804104363613765e-01, 1.4514199891054683e-03,
       1.5418427115120142e-01, -6.9008771126968411e-03,
       9.9936996668132216e-01, 3.4814473864307471e-02,
       -1.5403659949988324e-01, -3.5462135798458555e-02,
       9.8742856092940934e-01 ]
T: !!opencv-matrix
   rows: 3
   cols: 1
   dt: d
   data: [ -1.1597589253340851e+02, -2.0678913930303930e+00,
       -6.0286715751261610e+01 ]
b: 5.0000000000000000e-01
m: 5
stereo_error: 2.1904055578349864e+00
